0,0,0,0.024096
14.963,26.807,4.0869,0.10008
14.062,26.565,4.1968,0.10966
13.184,26.653,4.0649,0.11808
12.568,26.719,4.1748,0.12732
10.327,26.609,4.1089,0.14041
9.3604,26.587,3.9551,0.14747
8.1738,26.565,3.9331,0.15486
7.1631,26.521,3.8452,0.16139
7.1631,26.521,3.8452,0.16827
3.252,26.565,3.8892,0.1748
3.252,26.565,3.8892,0.18162
1.3184,26.631,4.021,0.18784
0.37354,26.719,3.999,0.19388
-1.0107,26.675,3.999,0.20053
-2.3291,26.807,4.043,0.20799
-3.5815,26.675,4.043,0.21476
-5.4712,26.653,4.1089,0.23032
-6.9434,26.697,4.1748,0.23722
-8.5254,26.543,4.1748,0.24425
-9.9756,26.653,4.0869,0.25098
-11.426,26.653,4.1089,0.25841
-12.437,26.653,4.1309,0.26547
-13.843,26.763,4.2407,0.27202
-15.249,26.763,4.0869,0.27855
-18.04,26.719,4.1748,0.29125
-19.292,26.631,4.1309,0.29729
-20.127,26.587,4.0649,0.30371
-21.753,26.675,4.0649,0.31142
-22.917,26.653,4.1309,0.3182
-24.214,26.763,4.1309,0.32906
-25.137,26.631,4.0869,0.33659
-25.598,26.609,4.0649,0.34313
-26.038,26.697,4.1968,0.35008
-26.125,26.675,4.1528,0.35642
-26.125,26.675,4.1528,0.36312
-25.664,26.763,4.1528,0.37108
-25.378,26.719,4.1309,0.37752
-25.181,26.829,4.1089,0.38382
-24.785,26.763,4.043,0.39047
-24.302,26.851,4.1309,0.39733
-23.994,26.741,4.2847,0.40415
-23.511,26.938,4.1089,0.41137
-22.72,26.719,4.1528,0.4186
-21.907,26.719,4.021,0.42622
-21.182,26.653,4.043,0.43342
-19.973,26.697,3.8672,0.4403
-19.314,26.697,3.8013,0.44693
-18.523,26.719,4.1309,0.45331
-17.864,26.829,4.5044,0.45959
-17.534,26.477,4.5483,0.46594
-17.161,26.433,4.834,0.47237
-17.139,26.543,4.812,0.47952
-17.336,26.741,4.4165,0.48632
-17.644,26.851,3.8013,0.49311
-17.688,26.96,3.6035,0.49964
-17.93,26.873,3.8452,0.5072
-18.04,26.851,4.1528,0.51402
-18.149,26.741,4.2188,0.5208
-18.149,26.741,4.2188,0.52733
-18.215,26.631,4.4165,0.53436
-18.896,26.719,4.1089,0.54118
-19.138,26.697,3.999,0.54766
-19.841,26.675,4.1089,0.55521
-20.654,26.631,4.2627,0.56198
-21.313,26.587,4.1528,0.56885
-21.907,26.587,4.021,0.5754
-22.104,26.587,3.9111,0.58222
-22.236,26.675,4.021,0.58918
-22.192,26.543,4.1528,0.59584
-22.192,26.543,3.9551,0.60254
-22.083,26.499,4.1528,0.60942
-21.841,26.565,4.1309,0.61677
-21.511,26.829,3.9111,0.62346
-21.313,26.741,3.999,0.63038
-21.313,26.675,4.0649,0.63715
-21.116,26.609,3.9771,0.64343
-21.116,26.697,3.9331,0.65009
-20.874,26.741,4.0869,0.65711
-20.435,26.807,4.1968,0.66394
-20.193,26.829,4.1968,0.67066
-19.885,26.807,4.2188,0.67732
-19.688,26.851,4.1748,0.68397
-19.644,26.895,4.1309,0.6911
-19.49,26.763,4.043,0.69807
-19.424,26.697,3.9331,0.7049
-19.6,26.653,4.043,0.71125
-19.753,26.697,4.021,0.71829
-19.622,26.675,4.0869,0.72513
-19.622,26.675,4.0869,0.73208
-19.753,26.829,3.9331,0.73872
-19.929,26.719,3.999,0.74595
-19.863,26.609,4.1309,0.75307
-20.127,26.697,3.9331,0.76224
-20.303,26.675,4.0869,0.77338
-20.391,26.609,4.1089,0.77988
-20.435,26.697,4.1528,0.78622
-20.566,26.719,4.0869,0.79292
-20.457,26.785,4.0869,0.7994
-20.544,26.763,3.999,0.80611
-20.544,26.697,4.021,0.81278
-20.5,26.499,3.9551,0.81953
-20.5,26.675,3.9551,0.82625
-20.391,26.763,3.8672,0.83364
-20.457,26.675,4.021,0.84131
-20.259,26.587,4.0649,0.84782
-20.105,26.565,4.021,0.85443
-19.775,26.609,4.021,0.86103
-19.819,26.675,4.0649,0.86754
-19.797,26.653,3.8672,0.87397
-19.841,26.719,3.8672,0.88101
-19.709,26.763,3.9771,0.88772
-19.709,26.763,3.9771,0.89437
-19.797,26.521,4.043,0.90123
-19.753,26.631,3.8672,0.90794
-19.578,26.499,3.8452,0.91488
-19.819,26.653,3.8452,0.92222
-19.797,26.785,3.8013,0.92904
-19.709,26.587,3.8892,0.9357
-19.731,26.565,3.9331,0.94269
-19.688,26.609,4.0869,0.94952
-19.731,26.631,3.9771,0.95583
-19.775,26.719,3.9551,0.96181
-20.017,26.719,3.999,0.96809
-19.973,26.697,3.9551,0.97447
-20.061,26.741,3.9551,0.98069
-20.017,26.807,3.8672,0.98716
-19.973,26.719,3.8892,0.99344
-20.083,26.477,3.8452,0.99964
-20.083,26.477,3.8452,1.0064
-20.303,26.587,3.8892,1.0129
-20.237,26.521,3.8892,1.0198
-20.039,26.565,3.8013,1.0269
-20.171,26.521,3.9331,1.0343
-20.127,26.697,3.9551,1.0406
-19.929,26.697,4.021,1.0472
-19.841,26.609,3.8452,1.0536
-20.017,26.653,3.9331,1.0603
-20.017,26.653,3.9331,1.0665
-20.017,26.653,3.8672,1.0732
-19.973,26.631,4.021,1.08
-19.885,26.807,3.9331,1.0867
-19.907,26.807,3.8892,1.0934
-19.863,26.675,3.8232,1.1006
-19.731,26.719,3.8013,1.1073
-19.666,26.763,3.9331,1.114
-19.731,26.653,3.9111,1.1202
-19.731,26.609,3.9111,1.1266
-19.731,26.609,3.8672,1.1333
-19.622,26.631,3.9331,1.1396
